10 10
669.78 43.31 140.25 159.46 64.48 707.41 630.17 907.13 248.12 542.60
956.73 654.92 807.73 48.16 801.67 243.10 181.82 146.12 744.50 944.72
444.84 293.93 168.52 112.37 530.07 721.38 629.27 475.80 434.23 208.98
183.41 641.66 822.92 889.85 16.83 851.50 310.01 22.93 312.52 354.95
483.93 851.10 441.04 352.90 318.54 689.31 577.96 558.82 26.16 436.34
401.06 851.64 234.89 208.48 435.17 101.73 619.94 128.81 431.79 434.09
102.28 925.53 850.13 450.63 566.94 699.10 431.90 857.43 143.37 626.63
144.31 200.81 697.29 269.72 956.81 26.20 990.28 740.56 119.10 514.80
963.94 273.95 630.02 810.06 865.81 926.21 561.18 133.89 867.65 775.43
7.51 992.67 115.57 828.35 653.06 141.60 892.30 471.34 635.23 16.67
